5 0.41015625 0.46484375 0.01875 0.00625
0 0.4015625 0.35390625 0.021875 0.015625
0 0.403125 0.30546875 0.0140625 0.009375
0 0.3890625 0.2703125 0.0125 0.0078125
5 0.3953125 0.31640625 0.025 0.009375
3 0.36953125 0.5453125 0.040625 0.0125
3 0.40390625 0.5796875 0.0234375 0.00625
0 0.4015625 0.1703125 0.009375 0.00625
0 0.3984375 0.20625 0.015625 0.009375
0 0.396875 0.121875 0.0234375 0.0171875
0 0.40234375 0.03359375 0.01875 0.009375
1 0.3703125 0.7140625 0.04375 0.0125
4 0.36484375 0.653125 0.0875 0.178125