5 0.41015625 0.53515625 0.01875 0.00625
0 0.4015625 0.64609375 0.021875 0.015625
0 0.403125 0.69453125 0.0140625 0.009375
0 0.3890625 0.7296875 0.0125 0.0078125
5 0.3953125 0.68359375 0.025 0.009375
3 0.36953125 0.4546875 0.040625 0.0125
3 0.40390625 0.4203125 0.0234375 0.00625
0 0.4015625 0.8296875 0.009375 0.00625
0 0.3984375 0.79375 0.015625 0.009375
0 0.396875 0.878125 0.0234375 0.0171875
0 0.40234375 0.96640625 0.01875 0.009375
1 0.3703125 0.2859375 0.04375 0.0125
4 0.36484375 0.346875 0.0875 0.178125