5 0.46484375 0.58984375 0.00546875 0.01953125
0 0.35390625 0.5984375 0.01640625 0.021875
0 0.30546875 0.596875 0.00859375 0.0140625
0 0.2703125 0.6109375 0.0078125 0.01328125
5 0.31640625 0.6046875 0.00859375 0.02578125
3 0.5453125 0.63046875 0.0125 0.040625
3 0.5796875 0.59609375 0.00625 0.0234375
0 0.1703125 0.5984375 0.00625 0.00859375
0 0.20625 0.6015625 0.01015625 0.01484375
0 0.121875 0.603125 0.0171875 0.0234375
0 0.03359375 0.59765625 0.01015625 0.01796875
1 0.7140625 0.6296875 0.01328125 0.04296875
4 0.653125 0.63515625 0.17890625 0.08828125